May 2021 MSA code 
  33860
  19300
0100004
  13820
  13820
0100004
0100004
  11500
0100002
0100002
  13820
0100003
0100003
0100002
0100002
0100004
  22520
0100003
0100002
0100004
0100004
0100001
0100004
0100003
0100002
  33860
0100003
  23460
0100001
0100001
  20020
0100003
  46220
  20020
  20020
0100002
  13820
0100001
  22520
  19460
  12220
  26620
  33860
0100004
  26620
0100003
0100001
0100002
  33660
0100003
  33860
  19460
0100003
  46220
0100004
0100002
  17980
  13820
  13820
0100003
0100002
0100002
  46220
  13820
0100003
0100003
0100001
0200006
0200006
  11260
0200006
0200006
0200006
0200006
0200006
0200006
  21820
0200006
0200006
0200006
0200006
0200006
0200006
0200006
0200006
  11260
0200006
0200006
0200006
0200006
0200006
0200006
0200006
0200006
0200006
0200006
0200006
0200006
0200006
0200006
0200006
0400001
  43420
  22380
0400001
0400001
0400001
0400001
  38060
  29420
0400001
  46060
  38060
0400001
  39140
  49740
0500004
0500004
0500001
  22220
0500001
0500004
0500004
0500001
0500004
0500003
0500002
0500001
  38220
0500004
0500003
  27860
  22900
  32820
0500002
0500004
0500004
0500004
  30780
0500003
0500001
  26300
  30780
0500002
0500004
0500003
0500004
0500001
0500001
0500001
  38220
0500003
0500004
0500002
0500002
  38220
  45500
0500003
  30780
  22220
0500001
  45500
0500002
0500002
0500003
0500004
0500001
0500004
  30780
0500002
0500003
  27860
0500003
0500003
0500002
  30780
0500002
0500002
  30780
0500003
0500001
  22900
0500004
0500001
0500001
0500004
0500001
  22220
0500001
0500001
0500003
  41860
0600006
0600006
  17020
0600006
0600007
  41860
0600003
  40900
  23420
0600007
0600003
  20940
0600006
  12540
  25260
0600003
0600007
  31080
  31460
  41860
0600006
0600003
  32900
0600007
0600006
  41500
  34900
0600007
  31080
  40900
0600007
  40140
  40900
  41940
  40140
  41740
  41860
  44700
  42020
  41860
  42200
  41940
  42100
  39820
0600007
0600007
  46700
  42220
  33700
  49700
0600007
0600007
  47300
0600006
  37100
  40900
  49700
  19740
0800001
  19740
0800002
0800001
0800001
  14500
  19740
0800002
0800001
  19740
0800001
0800001
0800001
0800001
0800002
  19740
0800002
  19740
0800003
  19740
  17820
0800002
0800003
  19740
0800003
0800002
0800002
0800001
0800003
  19740
0800001
0800001
0800003
0800002
  22660
0800001
0800001
0800001
  24300
0800001
0800003
0800002
0800002
0800001
0800001
0800002
  19740
0800001
0800003
0800001
  39380
0800003
0800001
0800003
0800001
0800002
0800002
0800001
0800003
  17820
0800001
  24540
0800001
  72850
  71950
  72850
  72850
  71950
  71950
  71950
  71950
  71950
  71950
  72850
  72850
  71950
  71950
  71950
  71950
  72850
  71950
  71950
  71950
  71950
  71950
  71950
  73450
  73450
  73450
  73450
  73450
  73450
  73450
  73450
  78100
  78100
  73450
  73450
  73450
  73450
  73450
  73450
  73450
  73450
  73450
  73450
  73450
  73450
  73450
  73450
  78100
  73450
  73450
  73450
  78100
  73450
  78700
  72850
0900001
0900001
0900001
0900001
  73450
0900001
0900001
0900001
  73450
  72850
0900001
0900001
  73450
0900001
0900001
0900001
  73450
0900001
0900001
0900001
  78700
0900001
  78700
  75700
  75700
  73450
  75700
  73450
  73450
  75700
  73450
  75700
  75700
  73450
  75700
  73450
  75700
  75700
  71950
  78700
  75700
  75700
  75700
  71950
  75700
  75700
  75700
  75700
  75700
  78700
  71950
  78700
  75700
  75700
  75700
  75700
  71950
  78700
  71950
  71950
  75700
  78700
  75700
  78700
  71950
  76450
  73450
  76450
  76450
  76450
  76450
  73450
  76450
  76450
  76450
  76450
  76450
  76450
  76450
  76450
  76450
  76450
  76450
  76450
  76450
  76450
  73450
  73450
  73450
  73450
  73450
  73450
  73450
  78100
  73450
  73450
  73450
  73450
  73450
  73450
  79600
  76450
  73450
0900001
0900001
  79600
  79600
  79600
  79600
  73450
  79600
  79600
  73450
  79600
  20100
  37980
  41540
  47900
  23540
  27260
  37460
1200006
  37340
  33100
1200006
  39460
  26140
  27260
  34940
1200006
  33100
1200003
1200006
  27260
  37860
  19660
1200006
  45220
  23540
1200003
  37460
1200006
1200003
1200003
  45300
  42700
  45300
1200006
  42680
1200006
  45220
1200006
  36740
  15980
  45220
1200006
1200006
1200006
  35840
  36100
  38940
  33100
1200003
  27260
  18880
1200003
  36740
  36740
  33100
  45300
  45300
  29460
1200006
  27260
  38940
  37860
  35840
  36740
  45540
1200006
1200006
1200006
  19660
  45220
  18880
1200006
1300004
1300004
1300004
  10500
1300002
1300001
  12060
  12060
1300004
1300004
  31420
1300002
  15260
  46660
  42340
1300003
  12260
  12060
1300004
1300004
1300003
  12060
  16860
1300004
  42340
  17980
1300001
  12060
  12020
1300004
  12060
1300004
  12060
1300004
1300004
  12260
1300004
  12060
  31420
1300002
  16860
  12060
1300004
  12060
1300002
1300002
  10500
  12060
1300004
  46660
  42340
1300001
1300003
1300003
1300001
  12060
  40660
  12060
1300001
  12060
1300001
1300003
  15260
1300001
1300004
1300001
  12060
1300001
  23580
1300003
  12060
  17980
1300001
  12060
  12060
  47580
1300004
1300001
  12060
1300004
1300003
1300003
1300003
  31420
  12060
  46660
1300002
  10500
  25980
  12260
  25980
  46660
1300001
  12260
  15260
1300002
  12020
  17980
  12060
1300004
1300004
  31420
1300003
  12060
  19140
  17980
  12060
  12020
  12020
  12060
  47580
  12060
1300004
  12060
1300001
  47580
1300002
1300004
1300001
1300004
  12260
  12060
1300002
1300003
1300004
  12060
1300001
1300002
1300002
1300002
1300003
1300003
1300002
1300004
  10500
1300004
1300004
1300003
1300001
1300003
1300002
1300004
  31420
1300001
1300002
  16860
  12060
1300004
1300003
1300003
1300004
1300002
1300003
1300001
  19140
1300002
1300003
1300002
  10500
1500001
  46520
  27980
1500001
  27980
  14260
1600006
  38540
1600007
1600006
1600007
1600007
  14260
1600006
  26820
1600006
  26820
1600007
  14260
1600007
1600007
1600007
1600006
1600007
1600006
  30860
1600007
  14260
1600007
1600006
  26820
46300
  17660
1600006
1600007
1600006
1600007
1600007
1600007
  30300
1600007
  14260
1600006
1600007
1600006
1600007
46300
1600006
1600006
1700002
  16020
  41180
  40420
1700002
1700001
  41180
1700001
1700002
  16580
1700002
1700003
1700003
  41180
1700003
  16980
1700003
1700003
  16980
  14010
1700003
  16980
1700003
1700004
1700003
1700003
  16580
1700004
1700002
1700004
1700002
  16980
1700004
1700002
1700004
1700002
  19340
1700003
  16060
1700003
1700004
  41180
1700001
1700004
  16980
  28100
  16980
1700002
  16980
1700001
1700003
1700001
1700002
1700002
1700002
  16980
  14010
  19500
  41180
  41180
1700003
  37900
1700002
1700004
  44100
  19340
  41180
1700002
1700002
1700002
1700001
  37900
1700004
  16580
1700002
1700004
1700004
1700001
1700004
1700003
  19340
  41180
1700004
  44100
1700002
1700002
1700002
  37900
1700001
  37900
1700004
  19180
1700004
1700002
1700004
1700004
1700004
1700001
  16980
  16060
  40420
  37900
1800001
  23060
  18020
  29200
1800002
  26900
  26900
  29200
1800001
  31140
  45460
1800002
1800003
1800003
  17140
1800002
1800001
  34620
1800003
  21140
1800002
  31140
1800002
1800002
1800001
1800003
1800002
1800003
  26900
  26900
  31140
  26900
1800002
  29020
1800001
1800003
  16980
1800002
1800003
1800003
  26900
1800003
1800001
1800001
  16980
  33140
1800003
  26900
  26900
1800001
1800003
1800001
  14020
1800002
  26900
  16980
1800001
  17140
1800003
  14020
1800002
1800003
1800003
  16980
  21780
1800001
  26900
1800002
1800003
1800002
  43780
  31140
  26900
1800003
1800001
1800001
  45460
1800003
  29200
1800002
  17140
  21780
  45460
  45460
1800001
1800002
  21780
  31140
1800002
  23060
1800001
  23060
1900003
1900003
1900001
1900004
1900003
  16300
  47940
1900003
  47940
1900001
1900002
1900001
1900002
1900003
1900003
1900004
1900001
1900002
1900001
1900003
1900002
1900001
1900004
1900003
  19780
1900004
1900003
1900001
1900004
1900002
  20220
1900002
1900001
1900001
1900001
1900003
1900003
  47940
  19780
1900002
1900002
1900001
  36540
1900004
1900001
1900002
1900002
1900004
1900004
1900004
1900004
  26980
  16300
1900004
1900002
1900004
  16300
1900004
1900003
1900002
  19780
1900004
1900004
1900004
  36540
1900001
1900003
1900004
1900003
1900004
1900002
1900002
1900003
1900002
  43580
1900002
  19780
  36540
1900004
1900003
1900002
  19340
1900003
1900002
  11180
1900004
1900003
1900003
1900004
1900004
  19780
  26980
1900003
1900002
1900002
1900001
  43580
1900001
1900002
2000006
2000006
2000006
2000006
2000006
2000006
2000006
  48620
2000006
2000006
2000006
2000006
2000006
2000006
2000006
2000006
2000006
2000006
2000006
2000006
2000006
  41140
  29940
2000006
2000006
2000006
2000006
2000006
2000006
2000006
2000006
2000006
2000006
2000006
2000006
2000006
2000006
2000006
2000006
  48620
2000006
2000006
  45820
  45820
2000006
  28140
2000006
  48620
2000006
2000006
2000006
  28140
2000006
  28140
2000006
2000006
2000006
2000006
2000006
2000006
  28140
2000006
2000006
2000006
2000006
2000006
2000006
2000006
2000006
  45820
2000006
2000006
2000006
2000006
  31740
2000006
2000006
2000006
2000006
2000006
  31740
2000006
2000006
2000006
2000006
2000006
  48620
2000006
  45820
2000006
2000006
2000006
2000006
2000006
2000006
  48620
2000006
2000006
  45820
2000006
2000006
2000006
2000006
2000006
  28140
2100002
  14540
2100003
2100001
2100002
2100003
2100004
  17140
  30460
  26580
2100003
  17140
2100004
2100001
  31140
  14540
2100001
2100001
  17140
2100001
2100003
2100004
2100002
  17300
  30460
2100004
2100002
2100001
2100002
  36980
  14540
2100004
2100003
  30460
2100003
2100004
2100003
2100001
  17140
2100003
  17140
2100001
2100001
2100002
  26580
  36980
  21060
2100004
2100003
2100002
  21780
  31140
2100001
2100001
2100004
  31140
  30460
2100004
  17140
2100004
2100002
  21060
2100002
2100004
2100004
2100004
2100004
2100003
2100003
2100001
2100002
2100001
2100001
2100002
  36980
2100003
2100004
2100002
2100001
2100004
2100003
  21060
2100003
2100003
2100002
2100002
2100003
2100004
2100001
2100003
2100003
2100001
  31140
2100003
2100004
  17140
2100004
2100004
2100003
2100002
2100003
2100003
2100003
2100002
  30460
  31140
2100002
  31140
2100002
2100001
  17300
  31140
2100001
  14540
2100003
2100002
2100001
2100002
2100004
  30460
  29180
2200002
  12940
2200006
2200002
2200002
2200003
  43340
  43340
  29340
2200003
  29340
2200003
2200003
2200003
  43340
  12940
2200003
  12940
2200002
2200003
  10780
  29180
  12940
2200003
  35380
2200006
  29180
  26380
2200002
2200003
  12940
2200003
2200003
2200002
  35380
  33740
  35380
  12940
  10780
2200002
2200003
2200002
  35380
  35380
  12940
  35380
  35380
2200006
  29180
2200006
  35380
  25220
2200003
  26380
  33740
  29180
2200002
2200006
  43340
  12940
2200003
  12940
2200002
  74650
  76750
  74650
  74650
  74650
  74650
2300002
2300002
  74650
  74650
  74650
  74650
  74650
  74650
2300001
2300001
2300001
2300001
2300001
2300001
2300001
2300001
2300001
2300001
2300001
2300001
2300001
2300001
2300001
2300001
2300001
2300001
2300001
2300001
2300001
2300001
2300001
2300001
2300001
2300001
2300001
2300001
2300001
2300001
2300001
2300001
2300001
2300001
2300001
2300001
2300001
2300001
2300001
2300001
2300001
2300001
2300001
2300001
2300001
2300001
2300001
2300001
2300001
2300001
2300001
2300001
2300001
2300001
2300001
2300001
2300001
2300001
2300001
2300001
2300001
2300001
2300001
2300001
2300001
2300001
2300001
2300001
2300001
2300001
2300001
2300001
2300001
2300001
2300001
2300001
2300001
2300001
2300001
2300001
2300001
2300001
2300001
2300001
2300001
2300001
2300001
2300001
2300001
2300001
2300001
2300001
2300001
2300001
  76750
2300002
2300002
  76750
  76750
  76750
  76750
  76750
  76750
  76750
2300002
2300002
  76750
  76750
  76750
  76750
  76750
  76750
  76750
  76750
  76750
  76750
  76750
  76750
  76750
  76750
  76750
  76750
2300002
2300002
2300002
2300002
2300002
2300002
2300002
2300002
2300002
2300002
2300002
2300002
2300002
2300002
2300002
2300002
2300002
2300002
2300002
2300002
2300002
2300002
2300002
2300002
2300002
2300002
2300002
2300002
2300002
2300002
2300002
2300002
2300002
2300002
2300002
2300002
2300002
2300002
2300002
2300002
2300002
2300002
2300002
2300002
2300002
2300002
2300002
2300002
2300002
  70750
  70750
2300001
2300001
2300001
2300001
2300001
2300001
2300001
  70750
2300001
2300001
2300001
2300001
2300001
2300001
2300001
2300001
2300001
2300001
2300001
2300001
  70750
  70750
2300001
2300001
2300001
2300001
2300001
2300001
2300001
2300001
2300001
2300001
2300001
2300001
2300001
2300001
2300001
2300001
2300002
2300002
2300002
2300002
2300002
2300002
2300002
2300002
2300002
2300002
2300002
2300002
2300002
  74650
2300002
2300002
2300002
2300002
2300002
2300002
2300002
2300002
2300002
2300002
2300002
2300002
2300002
2300002
2300002
2300002
2300002
2300002
2300002
2300002
2300002
2300002
2300002
2300002
2300002
2300002
2300002
2300002
2300002
2300002
2300002
2300002
2300002
2300002
2300002
2300002
2300002
2300002
2300002
2300002
2300002
2300002
2300002
2300002
2300002
2300002
2300002
2300002
2300002
2300002
2300002
2300002
2300002
2300002
2300002
2300002
2300002
2300002
  74650
2300002
  74650
2300002
2300002
2300002
2300002
2300002
2300002
  74650
  74650
2300002
2300002
2300002
2300002
2300002
2300002
2300002
2300002
2300002
2300002
2300002
2300002
2300002
2300002
2300002
2300002
2300002
2300002
2300002
2300002
2300002
2300002
2300002
2300002
2300002
2300002
2300002
2300002
2300002
2300002
2300002
2300002
2300002
2300002
2300002
2300002
2300002
2300002
2300002
2300002
  70750
  70750
  70750
  70750
  70750
  70750
  70750
2300001
  70750
2300001
  70750
2300001
  70750
2300001
  70750
2300001
2300001
  70750
  70750
  70750
  70750
  70750
  70750
  70750
  70750
  70750
  70750
  70750
  70750
  70750
  70750
  70750
  70750
  70750
2300001
2300001
  70750
2300001
2300001
2300001
2300001
2300001
  70750
2300001
2300001
  70750
  70750
  70750
  70750
  70750
  70750
2300001
2300001
2300001
2300001
2300001
2300001
  70750
  70750
2300001
2300001
2300001
  70750
  70750
2300001
2300001
2300001
2300001
2300001
2300001
2300001
2300001
2300001
  70750
2300001
2300001
2300001
2300001
2300001
2300001
2300001
2300001
2300001
2300001
2300001
2300001
2300001
2300001
2300001
2300001
2300001
2300001
2300001
2300001
2300001
2300001
2300001
2300001
2300001
2300001
2300001
2300001
2300001
2300001
2300001
2300001
2300001
2300001
2300001
2300001
2300001
2300001
2300001
2300001
2300001
2300001
2300001
2300001
  70750
2300001
2300001
2300001
2300001
2300001
2300001
2300001
2300001
2300001
2300001
2300001
2300002
2300002
2300002
2300002
2300002
2300002
2300002
2300002
2300002
2300002
2300002
2300002
2300002
2300002
2300002
2300002
2300002
2300002
2300002
2300002
2300002
2300002
2300002
2300002
2300002
2300002
2300002
2300002
2300002
2300002
2300002
2300002
2300002
2300002
2300002
2300002
2300002
2300002
2300002
2300002
2300002
2300002
2300002
2300002
2300002
2300002
2300002
2300002
2300002
2300002
2300002
2300002
2300002
2300002
2300002
2300002
2300002
2300002
2300002
2300002
2300002
2300002
2300002
2300002
2300002
2300002
2300002
2300002
2300002
2300002
2300002
2300002
2300002
2300002
2300002
2300002
2300002
2300002
2300002
2300002
2300002
2300002
2300002
2300002
2300002
2300002
2300002
2300002
2300002
2300002
2300002
2300002
2300002
2300002
2300002
2300002
2300002
2300002
2300002
2300002
2300002
2300002
2300002
2300002
2300002
2300002
2300002
2300002
2300002
2300002
2300002
2300002
2300002
2300002
2300002
2300002
2300002
2300002
2300002
2300002
2300002
2300002
2300002
2300002
2300002
2300002
2300002
2300002
2300002
  70750
2300001
2300001
2300001
2300001
2300001
2300001
2300001
2300001
2300001
2300001
2300001
2300001
2300001
2300001
2300001
2300001
2300001
2300001
2300001
2300001
2300001
2300001
2300001
2300001
2300001
2300001
2300001
2300001
2300001
2300001
2300001
2300001
2300001
2300001
2300001
2300001
2300001
2300001
2300001
2300001
2300001
2300001
2300001
2300001
2300001
2300001
2300001
2300001
2300001
2300001
2300001
2300001
2300001
2300001
2300001
2300001
2300001
2300001
2300001
2300001
2300001
2300001
2300002
2300002
  76750
  73050
  76750
  76750
  76750
  76750
  76900
  76750
  76750
  76750
  76900
  73050
  76750
  76750
  76750
2300002
2300002
  76750
2300002
  76750
2300002
2300002
  73050
  76750
2300002
  76900
2300002
  19060
  12580
  12580
  47900
2400006
  12580
  37980
  47900
2400006
  47900
2400006
  12580
  12580
2400006
  47900
  47900
  12580
  15680
  41540
2400006
  25180
  41540
  41540
  12580
  70900
  70900
  70900
  70900
  70900
  70900
  70900
  70900
  70900
  70900
2500006
  70900
2500006
  70900
  70900
2500006
  76600
2500006
2500006
  76600
  76600
2500006
  76600
2500006
  76600
  76600
  76600
2500006
2500006
2500006
  76600
  76600
  76600
  76600
2500006
2500006
2500006
2500006
  76600
  76600
2500006
2500006
2500006
2500006
  76600
2500006
  76600
  77200
  71650
  77200
  71650
  71650
  77200
  71650
  77200
  77200
  77200
  75550
  75550
  75550
  75550
  71650
  71650
  71650
  71650
  77200
  77200
2500006
2500006
2500006
2500006
2500006
2500006
2500006
  71650
  71650
  71650
  71650
  71650
  71650
  71650
  71650
  71650
  71650
  71650
  71650
  71650
  71650
  71650
  71650
  71650
  71650
  71650
  71650
  71650
  71650
  71650
  71650
  71650
  71650
  71650
  71650
  71650
  71650
  71650
  71650
  71650
  71650
2500006
2500006
2500006
2500006
  78100
2500006
2500006
2500006
2500006
  78100
  78100
2500006
2500006
2500006
2500006
  78100
2500006
2500006
2500006
2500006
2500006
  78100
  78100
  78100
  78100
2500006
  78100
  78100
  78100
  78100
  78100
  79600
  78100
  78100
  78100
  78100
  79600
  78100
  78100
  78100
  78100
  78100
  78100
  78100
  78100
  78100
  78100
  78100
  78100
  78100
  78100
  78100
  78100
  78100
  78100
  78100
  78100
  78100
  78100
  78100
  78100
  76600
  78100
2500006
  78100
  78100
  78100
  78100
  78100
  71650
  71650
  71650
  71650
  71650
  71650
  71650
  71650
  71650
  71650
  71650
  71650
  71650
  71650
  71650
  71650
  71650
  71650
  71650
  71650
  71650
  71650
  71650
  71650
  71650
  71650
  71650
  71650
  71650
  71650
  71650
  71650
  71650
  71650
  71650
  71650
  71650
  71650
  71650
  71650
  71650
  71650
  71650
  71650
  71650
  71650
  71650
  71650
  71650
  71650
  71650
  71650
  71650
  71650
2500006
  71650
  77200
  71650
  71650
  71650
  71650
  71650
  71650
  71650
  71650
  77200
  71650
  71650
  71650
  71650
  71650
  71650
  71650
  71650
  71650
  71650
  71650
  71650
  71650
  71650
  71650
  71650
  71650
  71650
  71650
  71650
  71650
  71650
  71650
  71650
  71650
  71650
  71650
  71650
  71650
  71650
  71650
  71650
  71650
  71650
  71650
  71650
  70900
  75550
  71650
  70900
  71650
  71650
  71650
  71650
  71650
  71650
  71650
  71650
2500006
  79600
2500006
  79600
2500006
  74500
  74500
  74500
  74500
  74500
  79600
  74500
  71650
  79600
  74500
  74500
  79600
  79600
  74500
  74500
  71650
  71650
  79600
  71650
  71650
  77200
  71650
  71650
  77200
  79600
  79600
  79600
  79600
  79600
  79600
  79600
  79600
  79600
  79600
  79600
  79600
  79600
  79600
  79600
  79600
  79600
  79600
  79600
  79600
  79600
  79600
  79600
  79600
  79600
  79600
  79600
  79600
  79600
  79600
  79600
2600002
2600001
2600004
2600002
2600003
2600002
2600001
  24340
  13020
2600003
  35660
2600004
  12980
  43780
2600003
2600002
2600001
2600002
  29620
2600002
2600001
2600001
  29620
2600003
  22420
2600002
2600001
2600003
2600004
2600004
2600001
2600004
  29620
2600004
2600002
2600001
2600004
  27100
  28020
2600003
  24340
2600001
2600004
  19820
2600003
2600004
  19820
2600001
2600001
  19820
2600003
2600001
2600004
2600004
2600001
  33220
2600003
  33780
  24340
2600002
  34740
2600004
  19820
2600004
2600002
2600001
2600004
2600002
2600002
  24340
2600002
2600002
  40980
  19820
2600004
2600004
2600001
2600004
2600004
  28020
  11460
  19820
2600003
2700002
  33460
2700001
2700001
  41060
2700003
  31860
2700004
  20260
  33460
2700001
2700003
  33460
  22020
2700001
2700002
2700003
2700001
  33460
  40340
2700001
2700004
  40340
2700004
2700004
2700001
  33460
  29100
2700001
  33460
2700002
2700003
2700002
2700003
2700001
2700002
2700003
2700002
2700001
  33460
2700003
2700003
2700003
2700001
2700001
2700004
2700003
  33460
2700001
2700004
2700003
  31860
2700003
2700001
  40340
2700001
2700001
2700002
2700003
  24220
2700001
  33460
2700001
2700003
2700003
2700004
2700003
2700001
  20260
  33460
  33460
  33460
  41060
2700004
2700001
2700003
2700001
2700001
  40340
2700001
2700004
  33460
2700004
2700001
2700004
  33460
2700003
2800004
2800001
2800004
2800001
  32820
2800002
2800001
2800002
2800001
2800001
2800004
2800003
2800001
2800002
  27140
2800003
  32820
  25620
2800004
2800003
2800003
2800002
  25060
  25060
  27140
2800002
2800002
2800002
2800001
  25060
2800003
2800004
2800003
2800003
2800003
2800001
  25620
2800003
2800004
2800003
2800001
2800002
2800004
2800001
  27140
2800003
  32820
2800001
2800002
2800003
2800003
2800001
2800001
2800002
2800003
  25620
2800004
2800001
2800001
2800002
  27140
2800003
2800002
  27140
2800003
2800003
2800002
2800002
  32820
2800001
2800001
  32820
2800001
2800004
2800004
2800002
2800003
2800001
2800004
2800001
2800002
  27140
2900002
  41140
2900002
2900002
2900004
2900004
  28140
2900001
  16020
  17860
  41140
2900003
  28140
  27620
2900001
  16020
2900002
2900003
  28140
2900004
2900002
  44180
2900002
  28140
  28140
  27620
2900001
2900001
2900004
  44180
2900002
  41140
2900001
2900003
2900003
  41180
2900001
2900002
  44180
2900002
2900002
2900001
2900001
2900002
2900001
2900003
2900003
  28140
  27900
  41180
2900001
2900002
2900001
  28140
2900004
2900002
  41180
2900002
2900002
  22220
2900002
2900003
2900001
2900002
2900002
2900001
2900003
  27620
2900002
2900002
2900001
2900003
  27900
2900002
2900003
  27620
2900003
2900003
2900003
2900001
2900001
2900002
  28140
  44180
2900001
2900002
2900002
2900002
  28140
2900003
2900003
  41180
2900001
2900003
2900003
  41180
2900001
2900002
2900002
2900003
2900003
2900002
2900003
2900004
2900002
2900004
2900003
2900004
  41180
2900003
2900003
  44180
2900002
2900003
  41180
3000003
3000006
3000006
3000003
  13740
3000006
  24500
3000006
3000006
3000006
3000006
3000003
3000006
3000006
3000004
3000003
3000006
3000006
  13740
3000003
3000006
3000003
3000006
3000004
3000003
3000006
3000004
3000006
3000003
3000003
3000004
  33540
3000006
3000003
3000006
3000006
3000006
3000006
3000003
3000006
3000004
3000006
3000006
3000006
3000004
3000006
3000003
3000006
3000003
3000006
3000006
3000006
3000006
3000006
3000006
  13740
3000003
3100006
3100003
3100006
3100001
3100006
3100003
3100001
3100001
3100001
3100006
3100003
3100003
  36540
3100003
3100006
3100006
3100001
3100006
3100003
3100003
3100006
  43580
3100001
3100006
3100001
  43580
3100003
  36540
3100006
3100006
3100006
3100006
3100006
3100006
3100001
3100001
3100006
3100006
3100006
  24260
  24260
3100006
3100006
3100006
3100001
3100006
  24260
3100006
3100006
3100006
3100006
3100001
3100001
3100003
  30700
3100006
3100006
3100001
3100006
3100003
  24260
3100001
3100003
3100006
3100006
3100006
3100006
3100006
3100006
3100003
3100003
3100003
3100006
3100006
3100001
3100006
  36540
  36540
3100001
  30700
3100001
3100006
3100001
3100003
3100006
3100006
3100003
3100006
  36540
3100003
3100006
3100003
3100006
3200006
  29820
3200006
3200006
3200006
3200006
3200006
3200006
3200006
3200006
3200006
3200006
3200006
  39900
  39900
3200006
  16180
3300002
3300002
3300002
3300002
3300002
3300002
3300002
3300002
3300006
3300006
3300002
3300001
3300001
3300002
3300001
3300001
3300001
3300001
3300001
3300001
3300001
3300001
3300001
3300002
3300001
3300001
3300001
3300002
3300001
3300002
3300006
3300006
3300006
3300006
3300006
3300006
3300006
3300006
3300006
3300006
3300006
3300006
3300006
3300006
3300006
3300006
3300006
3300006
3300006
3300006
3300006
3300006
3300006
3300001
3300001
3300001
3300001
3300001
3300001
3300001
3300001
3300001
3300001
3300001
3300001
3300001
3300001
3300001
3300001
3300001
3300001
3300001
3300001
3300001
3300001
3300001
3300001
3300001
3300001
3300001
3300001
3300001
3300001
3300001
3300001
3300001
3300001
3300001
3300001
3300001
3300001
3300001
3300001
3300001
3300001
3300001
3300006
3300006
3300001
3300001
3300001
3300006
3300006
3300006
3300006
3300006
3300001
3300006
3300006
3300001
3300006
3300006
3300006
3300001
3300006
3300006
3300001
3300006
3300006
3300001
3300001
3300001
3300001
3300006
3300001
3300006
3300006
3300006
3300006
3300006
3300006
3300001
3300006
3300006
3300006
3300001
  71650
3300006
  74950
3300006
  71650
3300002
3300006
  74950
  71650
  71650
3300006
3300002
  71650
  71650
  71650
  71650
  74950
  71650
  71650
  71650
  71650
  71650
  74950
3300006
  71650
3300006
3300006
  71650
  74950
  71650
3300002
  74950
3300006
3300002
3300002
3300006
3300002
3300002
3300002
3300006
  74950
3300002
3300002
3300002
3300006
  74950
3300002
3300002
3300006
3300006
3300002
  74950
3300002
3300002
3300006
3300006
3300002
3300006
  71650
  74950
  76900
  74950
  71650
  71650
3300002
  71650
  71650
  76900
  76900
  71650
  76900
  71650
  76900
  71650
  71650
  71650
  71650
  76900
  76900
  76900
  76900
  71650
  76900
3300002
3300002
  71650
  76900
3300002
  76900
  71650
  71650
  71650
  71650
  76900
  71650
  73050
  73050
  73050
  73050
  73050
  73050
  73050
  73050
  73050
  73050
  73050
  73050
  73050
3300006
3300006
3300006
3300006
3300006
3300006
3300006
3300006
3300006
3300006
3300006
3300006
3300006
3300006
3300002
  12100
  35620
  37980
  37980
  36140
  47220
  35620
  37980
  35620
  35620
  45940
  35620
  35620
  35620
  35620
  35620
  37980
  35620
  35620
  35620
  10900
  10740
3500006
3500007
3500006
3500006
3500007
3500007
  29740
3500007
3500007
3500007
3500007
3500007
3500007
3500007
3500006
3500007
3500006
3500006
3500007
3500007
3500006
3500007
  10740
  22140
3500006
  42140
3500007
3500007
3500006
  10740
3500007
  10740
  10580
3600004
  35620
  13780
3600004
3600006
3600004
  21300
3600006
3600001
3600006
3600006
3600006
  35620
  15380
3600001
3600001
3600001
3600004
3600006
3600001
  46540
  48060
  35620
3600001
  40380
  45060
  40380
3600001
  35620
  35620
  15380
  46540
  45060
  40380
  35620
  40380
  45060
3600006
  35620
  35620
  10580
  35620
  35620
3600001
  10580
  10580
  10580
3600004
3600004
3600004
  35620
3600006
  13780
  27060
  28740
  24020
  24020
  40380
  35620
3600004
  40380
  15500
  25860
3700004
3700003
3700004
3700004
3700001
3700002
3700001
  34820
  11700
  25860
  16740
  25860
3700002
3700001
3700003
  25860
  20500
3700004
3700002
3700004
3700003
3700001
  35100
  22180
  47260
3700002
  49180
  49180
3700001
  20500
  40580
  49180
  39580
  16740
  47260
3700004
3700003
3700001
  24660
3700002
3700001
  11700
  11700
3700002
  22180
3700002
  16740
3700004
  39580
  35100
3700003
3700001
  16740
3700004
3700004
  11700
3700002
  16740
3700004
3700003
3700003
  40580
  48900
3700002
  27340
  20500
  35100
3700002
  48900
3700002
  20500
  24780
3700004
  24660
3700003
3700001
  24660
  16740
3700003
3700001
3700001
3700003
  49180
3700003
3700004
3700004
3700002
  16740
3700003
  39580
3700002
3700002
3700004
  24140
3700003
3700001
  49180
3700004
3800006
3800007
3800007
3800006
3800006
3800006
3800006
  13900
  22020
3800007
3800007
3800006
3800006
3800007
3800006
3800007
3800006
  24220
3800006
3800007
3800006
3800006
3800007
3800007
3800006
3800007
3800006
3800006
3800006
  13900
3800006
3800007
  13900
3800007
3800006
3800007
3800007
3800006
3800007
3800007
3800007
3800006
  13900
3800006
3800006
3800007
3800007
3800007
3800007
3800007
3800006
3800007
3800006
3900004
  30620
3900002
3900002
3900004
3900001
  48540
  17140
  17140
  15940
3900001
  44220
  17140
3900004
3900002
3900003
3900002
  17460
3900001
3900001
  18140
3900002
  18140
3900004
  18140
  45780
3900004
  17460
  19380
3900003
  17140
3900001
3900001
3900003
3900001
3900004
  18140
3900002
3900002
3900004
  48260
3900002
  17460
  26580
  18140
3900001
  17460
  45780
  18140
  49660
3900002
  17460
3900004
3900001
  19380
3900003
  19380
3900003
  18140
3900003
3900003
3900002
3900001
  18140
  18140
3900004
  10420
3900001
3900001
  31900
3900004
3900002
3900004
3900002
3900001
  15940
  10420
  49660
3900003
  18140
3900001
3900004
  17140
3900003
3900002
3900001
  45780
3900002
4000001
4000002
4000004
4000002
4000003
4000002
4000004
4000003
  36420
4000004
4000001
4000004
4000002
  36420
4000004
  30020
  30020
4000001
  46140
4000003
4000001
4000002
4000002
  21420
4000004
  36420
4000002
4000003
4000003
4000002
4000004
4000004
4000003
4000003
4000004
4000002
4000002
4000003
4000004
  22900
  36420
  36420
4000004
  36420
4000004
4000001
4000002
4000004
4000001
4000004
4000001
4000002
4000001
4000001
  36420
  46140
  46140
4000001
  46140
4000002
4000004
4000004
4000004
4000004
4000003
  46140
4000004
  22900
4000003
4000002
4000003
  46140
  46140
4000001
4000003
4000002
4000002
4100008
  18700
  38900
4100006
  38900
4100006
4100007
4100006
  13460
4100006
4100007
4100008
4100008
4100007
  32780
4100007
  24420
4100007
4100007
  21660
4100006
  10540
4100008
  41420
4100008
  38900
  41420
4100007
4100006
4100008
4100008
4100008
4100007
  38900
4100007
  38900
  23900
  38300
  38300
  38300
4200003
  39740
  11020
4200002
  37980
  38300
  27780
4200002
  10900
  44300
  37980
4200001
4200002
4200002
  14100
4200001
  25420
  25420
  37980
4200002
  21500
  38300
4200001
  16540
4200003
4200001
4200003
4200001
4200002
4200003
  42540
  29540
4200001
  30140
  10900
  42540
  48700
4200002
  49660
4200003
  20700
  37980
  14100
  10900
4200003
  25420
  37980
  35620
4200002
4200003
4200003
4200003
4200002
4200002
4200002
4200003
4200001
4200001
  38300
4200002
  38300
  42540
  49620
  77200
  77200
  77200
  77200
  77200
  77200
  77200
  77200
  77200
  77200
  77200
  77200
  77200
  77200
  77200
  77200
  77200
  77200
  77200
  77200
  77200
  77200
  77200
  77200
  77200
  77200
  77200
  77200
  77200
  77200
  77200
  77200
  76450
  77200
  77200
  77200
  77200
  76450
4500002
  12260
4500004
  24860
4500004
4500004
  25940
  16700
  17900
  16700
4500002
  16740
4500006
4500006
4500006
  22500
4500006
  16700
  12260
  17900
  22500
4500006
  24860
4500002
4500006
  34820
  25940
  17900
  16740
  24860
4500006
  17900
4500002
4500006
4500006
4500004
4500002
4500004
  24860
  17900
  17900
  43900
  44940
  43900
4500006
  16740
4600002
4600002
4600003
4600002
4600002
4600002
4600003
4600003
4600003
4600003
4600003
4600002
4600002
4600002
4600003
  39660
4600002
4600002
4600002
4600003
4600003
4600002
4600003
4600002
4600002
4600003
4600003
4600002
4600003
4600002
4600003
4600003
4600002
4600003
4600003
4600002
4600003
4600002
4600002
4600003
  43620
4600003
  43620
4600002
4600002
  39660
4600003
4600002
  43620
4600002
4600003
  39660
4600003
4600003
4600002
4600002
4600002
4600003
4600003
4600003
4600003
  43620
  43580
4600003
4600002
4600003
  28940
4700002
4700001
4700004
  28940
  17420
  28940
  34980
4700001
  27740
  34980
  27180
4700003
4700003
4700004
4700002
  27180
4700003
  34980
4700001
4700003
  34980
4700001
  32820
4700003
4700002
4700001
4700002
  28940
4700004
4700002
  34100
  16860
4700003
4700001
4700001
  28700
4700001
4700001
4700001
  34980
4700001
4700001
4700003
  34100
4700004
  28940
4700001
4700001
4700002
4700002
4700002
  28940
4700004
4700001
  34980
  27180
  16860
4700002
  34980
4700004
4700004
  17300
4700002
  28940
4700001
4700003
4700002
4700003
  17420
4700003
4700004
  28940
  34980
  34980
4700003
  16860
4700004
  32820
  34980
4700001
  28700
  34980
  32820
  34980
  27740
  28940
4700004
4700003
  27740
4700002
4700001
4700003
  34980
  34980
4700004
4800002
4800001
4800003
  18580
  48660
  11100
  41700
  26420
4800001
  41700
  12420
4800001
4800006
  28660
  41700
4800004
4800001
4800004
  45500
  26420
  17780
4800001
4800001
4800006
4800004
  17780
4800004
  12420
4800006
  10180
  15180
4800002
  11100
4800002
4800001
  26420
4800002
4800001
  48660
4800001
4800004
4800004
  19100
4800001
4800006
  41700
4800002
4800004
4800002
  28660
4800001
4800001
4800001
  31180
4800001
4800001
  19100
4800001
4800001
4800002
  19100
4800006
4800001
4800005
4800001
4800006
4800002
  36220
4800005
  19100
  21340
4800002
  47380
4800002
4800004
4800001
4800001
4800001
  26420
4800002
4800004
4800004
4800001
  26420
4800001
4800004
4800001
  47020
4800006
4800001
  43300
  30980
4800004
  41700
4800001
4800001
4800004
4800001
4800001
  13140
  26420
4800002
4800001
4800001
  12420
4800001
4800002
  32580
4800004
4800001
  19100
4800002
4800003
4800001
  21340
  19100
4800001
  41660
4800002
4800006
4800003
4800001
  13140
4800006
4800006
  19100
  10180
4800006
  19100
  41700
4800006
4800001
4800004
4800004
4800001
4800005
4800006
4800001
4800002
4800001
  28660
4800005
4800006
4800004
4800004
  26420
4800004
4800001
4800006
4800004
4800001
  31180
  31180
4800004
  47380
4800006
4800004
4800002
  33260
4800004
4800006
4800005
  41700
4800004
  33260
4800004
4800004
4800001
4800002
  26420
4800001
4800002
4800001
4800003
4800002
  13140
4800001
  18580
4800001
  11100
  13140
4800002
4800002
  19100
4800001
4800001
4800003
  11100
4800001
4800002
  11100
4800001
4800005
4800002
4800001
4800006
4800001
  17780
  19100
4800004
  30980
4800003
4800003
4800003
  18580
4800004
4800004
4800001
4800001
4800003
4800001
  46340
  19100
4800006
4800002
4800004
4800001
4800004
4800001
  19100
  10180
4800001
4800001
4800001
4800002
  41660
  12420
4800003
4800003
  30980
4800001
4800005
4800005
4800002
  47020
4800004
  26420
4800001
4800004
  29700
4800006
4800001
  48660
4800001
4800006
  12420
  41700
4800001
  19100
4800002
4800001
4800002
4800006
4800005
4900007
  36260
  30860
4900006
4900006
  36260
4900006
4900006
4900007
4900006
4900007
  39340
4900007
4900007
  36260
4900007
4900006
  41620
4900006
4900007
4900007
4900006
  41620
4900006
  39340
4900006
  41100
4900007
  36260
5000001
5000001
5000001
5000001
  72400
5000001
5000001
5000001
5000001
  72400
5000001
  72400
5000001
5000001
5000001
5000001
5000001
5000001
  72400
  72400
5000001
5000001
5000001
5000001
5000001
5000001
5000001
5000001
5000001
5000001
5000001
5000001
5000001
5000001
5000001
5000001
5000001
5000001
5000001
5000001
5000002
5000002
5000002
5000002
5000002
5000002
5000002
5000002
5000002
5000002
5000002
5000002
5000002
5000002
5000002
5000002
5000002
  72400
  72400
  72400
  72400
  72400
  72400
  72400
  72400
  72400
  72400
  72400
  72400
  72400
  72400
  72400
  72400
  72400
5000002
5000002
5000002
5000002
5000002
5000002
5000002
5000002
5000002
5000002
5000002
5000002
5000002
5000002
5000002
5000002
5000002
5000002
5000002
5000002
5000002
5000002
5000002
  72400
5000002
  72400
5000002
  72400
5000002
5000002
5000002
  72400
  72400
5000002
  72400
5000002
  72400
5000002
  72400
  72400
5000002
  72400
5000002
5000002
5000002
5000002
5000002
5000002
5000002
5000002
5000001
5000001
5000001
5000001
5000001
5000001
5000002
5000002
5000001
5000001
5000001
5000002
5000001
5000001
5000002
5000001
5000002
5000002
5000002
5000002
5000002
5000002
5000002
5000002
5000002
5000002
5000002
5000002
5000002
5000002
5000002
5000002
5000002
5000002
5000002
5000002
5000001
5000001
5000001
5000001
5000001
5000001
5000001
5000001
5000001
5000001
5000001
5000001
5000001
5000001
5000001
5000001
5000001
5000001
5000001
5000001
5000001
5000001
5000001
5000001
5000001
5000001
5000001
5000001
5000002
5000002
5000002
5000002
5000002
  72400
5000002
5000002
5000002
5000002
5000002
5000002
5000002
5000002
5000001
5000002
5000002
5000002
5000002
5000002
5000001
5000001
5000001
5000001
5000001
5000001
5000001
5000001
5000001
5000001
5000001
5000001
5000001
5000001
5000001
5000001
5000001
5000001
5000001
5000001
5000001
5000001
5000001
5000001
5000001
5000001
5000001
5000001
5000001
5000001
5000001
5000001
5000001
5000001
5000001
5000001
5000001
5000001
5000001
5000001
5000001
5000001
5000001
5000001
5000001
5000001
5000001
5100003
  16820
5100004
  40060
  31340
  31340
  47900
  44420
5100004
  31340
5100001
  40220
5100002
5100001
  16820
  31340
  40060
5100001
  40060
5100002
  40060
  47900
  40220
  47900
5100002
5100001
  40060
5100003
  47900
  47900
  13980
  16820
  40220
  49020
  13980
  47260
  40060
5100001
  16820
5100002
5100002
  40060
  40060
5100001
5100004
  47260
  47260
5100003
5100003
  40060
5100003
5100001
  47900
5100004
5100002
5100004
  47260
5100002
5100003
  13980
  16820
  40060
5100003
5100003
5100002
5100004
5100004
5100001
5100002
  40060
5100002
  40060
  47900
  13980
  47900
5100003
  40220
5100004
  25500
5100001
  28700
5100004
5100001
5100002
  47900
  47900
5100002
  40060
5100001
  47900
  28700
5100003
5100001
5100001
  47260
  47900
  31340
  28700
5100004
  16820
  47260
5100004
  40060
5100004
5100002
5100002
  47900
  47900
5100002
  47900
5100001
  47260
  25500
  40060
5100004
  31340
  47900
  47900
5100001
  47260
  47260
5100001
  40060
  47260
  47260
  13980
  40060
  40220
  40220
  44420
  47260
  47260
  44420
  47260
  49020
5300007
  30300
  28420
  48300
5300006
  38900
  47460
  31020
  48300
5300007
  28420
5300007
5300007
5300006
5300006
5300006
  42660
  14740
5300007
5300007
5300006
5300007
5300006
5300007
5300006
  44060
  42660
5300006
  34580
  38900
  42660
  44060
  44060
  36500
5300006
  47460
  13380
5300007
  49420
5400002
  25180
  16620
5400002
  48260
  26580
5400002
  16620
5400002
  13220
5400002
5400002
5400001
  49020
  48260
5400002
5400002
5400002
  47900
  16620
5400002
  26580
5400001
5400001
5400002
  48540
5400002
5400001
  19060
5400001
  34060
5400001
5400002
5400001
  48540
5400002
5400002
5400001
  34060
  26580
  13220
5400002
5400002
5400002
5400001
5400002
5400002
5400002
5400002
  26580
5400001
5400002
  37620
  37620
5400001
5500002
5500001
5500004
5500001
  24580
5500004
5500001
  11540
  20740
5500004
  31540
5500004
  31540
5500003
5500002
  20260
5500004
  20740
5500002
  22540
5500002
5500003
  31540
5500003
  31540
5500001
5500004
5500003
5500004
  16980
  24580
  29100
5500003
5500002
5500002
5500002
  48140
5500002
5500003
5500002
  33340
5500004
  24580
5500002
  11540
  33340
5500004
  33460
5500004
5500002
5500001
  39540
5500003
  27500
5500001
  33460
5500003
5500001
5500002
  43100
5500001
5500004
5500004
5500002
5500003
5500001
  33340
  33340
5500003
5500003
  36780
5500002
5600007
5600006
5600007
5600007
5600007
5600007
5600006
5600007
5600006
5600007
  16940
5600006
  16220
5600007
5600006
5600007
5600007
5600006
5600006
5600006
5600006
5600006
5600007
7200006
  10380
  10380
  41980
  41980
  10380
  11640
  25020
  41980
  41980
  41980
  41900
  41980
  11640
  41980
  41980
  41980
  41980
  41980
  41980
  41980
7200006
7200006
  41980
  41980
7200006
  41980
  41980
  41980
  38660
  25020
  38660
  41980
  41980
  11640
  32420
  41980
  10380
7200006
  38660
  41980
  41900
  10380
7200006
  41980
  41980
  41980
  41980
7200006
  41980
  32420
  10380
  41980
  41980
  41980
  41980
  25020
  38660
  38660
  11640
  10380
  41980
7200006
  41900
7200006
  41900
  41980
  41980
  10380
7200006
7200006
  41980
  41980
  41980
  10380
  41980
  41980
7200006
  38660
  41980
  38660